2806
2852
2979
3023
3035
3077
3107
3117
3120
3162
3173
3179
3238
3297
3380
3388
3708
3919
3959
3985
3989
4085
4113
4120
4181
4330
4332
4339
4344
4382
4389
4405
4459
4494
4536
4539
4550
4576
4656
4702
4860
4870
4883
4909
4976
5033
5052
5126
5164
5184
5200
5301
5333
5393
5458
5545
5554
5598
5690
5758
5777
5790
5818
5844
6027
6052
6061
6100
6113
6170
6190
6299
6338
6377
6404
6428
6434
6538
6581
6595
6709
6758
6762
6811
6816
6881
6903
6940
6942
6956
6970
6999
7052
7161
7162
7226
7264
7380
7382
7432
7436
7515
7555
7621
7654
7692
7702
7703
7726
7735
7753
7831
7970
7994
8042
8095
8103
8149
8171
8178
8203
8301
8303
8315
8319
8350
8435
8436
8465
8519
8616
8673
8705
8753
